timeStamp,elapsed,label,responseCode,responseMessage,threadName,dataType,success,failureMessage,bytes,sentBytes,grpThreads,allThreads,URL,Latency,IdleTime,Connect
1617617224261,2480,VM Runnning ,200,OK,JDBC USERS 1-1,text,true,,8345365,0,1,1,null,2459,0,687
1617617226740,1745,VM Runnning ,200,OK,JDBC USERS 1-1,text,true,,8345365,0,1,1,null,1724,0,0
1617617228485,1754,VM Runnning ,200,OK,JDBC USERS 1-1,text,true,,8345365,0,1,1,null,1733,0,0
1617617230240,1747,VM Runnning ,200,OK,JDBC USERS 1-1,text,true,,8345365,0,1,1,null,1725,0,0
1617617231987,1746,VM Runnning ,200,OK,JDBC USERS 1-1,text,true,,8345365,0,1,1,null,1724,0,0
1617617233733,1746,VM Runnning ,200,OK,JDBC USERS 1-1,text,true,,8345365,0,1,1,null,1724,0,0
1617617235478,1804,VM Runnning ,200,OK,JDBC USERS 1-1,text,true,,8345365,0,1,1,null,1721,0,0
1617617237282,1744,VM Runnning ,200,OK,JDBC USERS 1-1,text,true,,8345365,0,1,1,null,1723,0,0
1617617239026,1741,VM Runnning ,200,OK,JDBC USERS 1-1,text,true,,8345365,0,1,1,null,1720,0,0
1617617240768,1747,VM Runnning ,200,OK,JDBC USERS 1-1,text,true,,8345365,0,1,1,null,1726,0,0
1617617242515,1746,VM Runnning ,200,OK,JDBC USERS 1-1,text,true,,8345365,0,1,1,null,1725,0,0
1617617244261,1802,VM Runnning ,200,OK,JDBC USERS 1-1,text,true,,8345365,0,1,1,null,1725,0,0
1617617246063,1752,VM Runnning ,200,OK,JDBC USERS 1-1,text,true,,8345365,0,1,1,null,1730,0,0
1617617247815,1787,VM Runnning ,200,OK,JDBC USERS 1-1,text,true,,8345365,0,1,1,null,1719,0,0
1617617249602,1766,VM Runnning ,200,OK,JDBC USERS 1-1,text,true,,8345365,0,1,1,null,1744,0,0
1617617251368,1747,VM Runnning ,200,OK,JDBC USERS 1-1,text,true,,8345365,0,1,1,null,1725,0,0
1617617253115,1746,VM Runnning ,200,OK,JDBC USERS 1-1,text,true,,8345365,0,1,1,null,1724,0,0
1617617254860,1755,VM Runnning ,200,OK,JDBC USERS 1-1,text,true,,8345365,0,1,1,null,1732,0,0
1617617256615,1744,VM Runnning ,200,OK,JDBC USERS 1-1,text,true,,8345365,0,1,1,null,1722,0,0
1617617258360,1741,VM Runnning ,200,OK,JDBC USERS 1-1,text,true,,8345365,0,1,1,null,1719,0,0
1617617260101,1781,VM Runnning ,200,OK,JDBC USERS 1-1,text,true,,8345365,0,1,1,null,1723,0,0
1617617261882,1779,VM Runnning ,200,OK,JDBC USERS 1-1,text,true,,8345365,0,1,1,null,1721,0,0
1617617263661,1751,VM Runnning ,200,OK,JDBC USERS 1-1,text,true,,8345365,0,1,1,null,1728,0,0
1617617265413,1744,VM Runnning ,200,OK,JDBC USERS 1-1,text,true,,8345365,0,1,1,null,1722,0,0
1617617267157,1750,VM Runnning ,200,OK,JDBC USERS 1-1,text,true,,8345365,0,1,1,null,1728,0,0
1617617268907,1782,VM Runnning ,200,OK,JDBC USERS 1-1,text,true,,8345365,0,1,1,null,1723,0,0
1617617270689,1744,VM Runnning ,200,OK,JDBC USERS 1-1,text,true,,8345365,0,1,1,null,1721,0,0
1617617272433,1787,VM Runnning ,200,OK,JDBC USERS 1-1,text,true,,8345365,0,1,1,null,1723,0,0
1617617274220,1763,VM Runnning ,200,OK,JDBC USERS 1-1,text,true,,8345365,0,1,1,null,1741,0,0
1617617275983,1739,VM Runnning ,200,OK,JDBC USERS 1-1,text,true,,8345365,0,1,1,null,1716,0,0
1617617277722,1780,VM Runnning ,200,OK,JDBC USERS 1-1,text,true,,8345365,0,1,1,null,1728,0,0
1617617279502,1775,VM Runnning ,200,OK,JDBC USERS 1-1,text,true,,8345365,0,1,1,null,1718,0,0
1617617281276,1748,VM Runnning ,200,OK,JDBC USERS 1-1,text,true,,8345365,0,1,1,null,1726,0,0
1617617283024,1764,VM Runnning ,200,OK,JDBC USERS 1-1,text,true,,8345365,0,1,1,null,1721,0,0
1617617284788,1775,VM Runnning ,200,OK,JDBC USERS 1-1,text,true,,8345365,0,1,1,null,1722,0,0
1617617286564,1750,VM Runnning ,200,OK,JDBC USERS 1-1,text,true,,8345365,0,1,1,null,1728,0,0
1617617288315,1775,VM Runnning ,200,OK,JDBC USERS 1-1,text,true,,8345365,0,1,1,null,1732,0,0
1617617290090,1769,VM Runnning ,200,OK,JDBC USERS 1-1,text,true,,8345365,0,1,1,null,1713,0,0
1617617291859,1746,VM Runnning ,200,OK,JDBC USERS 1-1,text,true,,8345365,0,1,1,null,1724,0,0
1617617293606,1745,VM Runnning ,200,OK,JDBC USERS 1-1,text,true,,8345365,0,1,1,null,1722,0,0
1617617295350,1741,VM Runnning ,200,OK,JDBC USERS 1-1,text,true,,8345365,0,1,1,null,1719,0,0
1617617297091,1739,VM Runnning ,200,OK,JDBC USERS 1-1,text,true,,8345365,0,1,1,null,1716,0,0
1617617298830,1801,VM Runnning ,200,OK,JDBC USERS 1-1,text,true,,8345365,0,1,1,null,1779,0,0
1617617300632,1777,VM Runnning ,200,OK,JDBC USERS 1-1,text,true,,8345365,0,1,1,null,1754,0,0
1617617302409,1773,VM Runnning ,200,OK,JDBC USERS 1-1,text,true,,8345365,0,1,1,null,1721,0,0
1617617304182,1783,VM Runnning ,200,OK,JDBC USERS 1-1,text,true,,8345365,0,1,1,null,1741,0,0
1617617305964,1781,VM Runnning ,200,OK,JDBC USERS 1-1,text,true,,8345365,0,1,1,null,1734,0,0
1617617307745,1774,VM Runnning ,200,OK,JDBC USERS 1-1,text,true,,8345365,0,1,1,null,1734,0,0
1617617309519,1769,VM Runnning ,200,OK,JDBC USERS 1-1,text,true,,8345365,0,1,1,null,1734,0,0
1617617311288,1769,VM Runnning ,200,OK,JDBC USERS 1-1,text,true,,8345365,0,1,1,null,1739,0,0
