timeStamp,elapsed,label,responseCode,responseMessage,threadName,dataType,success,failureMessage,bytes,sentBytes,grpThreads,allThreads,URL,Latency,IdleTime,Connect
1617559436058,1612,VM Runnning ,200,OK,JDBC USERS 1-1,text,true,,23374117,0,1,1,null,1534,0,251
1617559437671,1468,VM Runnning ,200,OK,JDBC USERS 1-1,text,true,,23374117,0,1,1,null,1287,0,0
1617559439139,1376,VM Runnning ,200,OK,JDBC USERS 1-1,text,true,,23374117,0,1,1,null,1296,0,0
1617559440515,1475,VM Runnning ,200,OK,JDBC USERS 1-1,text,true,,23374117,0,1,1,null,1366,0,0
1617559441990,1409,VM Runnning ,200,OK,JDBC USERS 1-1,text,true,,23374117,0,1,1,null,1285,0,0
1617559443399,1448,VM Runnning ,200,OK,JDBC USERS 1-1,text,true,,23374117,0,1,1,null,1291,0,0
1617559444847,1425,VM Runnning ,200,OK,JDBC USERS 1-1,text,true,,23374117,0,1,1,null,1327,0,0
1617559446271,1433,VM Runnning ,200,OK,JDBC USERS 1-1,text,true,,23374117,0,1,1,null,1323,0,1
1617559447704,1416,VM Runnning ,200,OK,JDBC USERS 1-1,text,true,,23374117,0,1,1,null,1315,0,0
1617559449120,1416,VM Runnning ,200,OK,JDBC USERS 1-1,text,true,,23374117,0,1,1,null,1309,0,0
1617559450536,1421,VM Runnning ,200,OK,JDBC USERS 1-1,text,true,,23374117,0,1,1,null,1332,0,0
1617559451957,1410,VM Runnning ,200,OK,JDBC USERS 1-1,text,true,,23374117,0,1,1,null,1318,0,0
1617559453367,1419,VM Runnning ,200,OK,JDBC USERS 1-1,text,true,,23374117,0,1,1,null,1291,0,1
1617559454787,1415,VM Runnning ,200,OK,JDBC USERS 1-1,text,true,,23374117,0,1,1,null,1315,0,0
1617559456203,1413,VM Runnning ,200,OK,JDBC USERS 1-1,text,true,,23374117,0,1,1,null,1306,0,0
1617559457617,1419,VM Runnning ,200,OK,JDBC USERS 1-1,text,true,,23374117,0,1,1,null,1330,0,0
1617559459037,1404,VM Runnning ,200,OK,JDBC USERS 1-1,text,true,,23374117,0,1,1,null,1312,0,0
1617559460441,1422,VM Runnning ,200,OK,JDBC USERS 1-1,text,true,,23374117,0,1,1,null,1316,0,0
1617559461862,1417,VM Runnning ,200,OK,JDBC USERS 1-1,text,true,,23374117,0,1,1,null,1317,0,0
1617559463279,1427,VM Runnning ,200,OK,JDBC USERS 1-1,text,true,,23374117,0,1,1,null,1317,0,0
1617559464706,1414,VM Runnning ,200,OK,JDBC USERS 1-1,text,true,,23374117,0,1,1,null,1313,0,0
1617559466122,1425,VM Runnning ,200,OK,JDBC USERS 1-1,text,true,,23374117,0,1,1,null,1314,0,0
1617559467547,1419,VM Runnning ,200,OK,JDBC USERS 1-1,text,true,,23374117,0,1,1,null,1318,0,0
1617559468966,1422,VM Runnning ,200,OK,JDBC USERS 1-1,text,true,,23374117,0,1,1,null,1311,0,0
1617559470388,1428,VM Runnning ,200,OK,JDBC USERS 1-1,text,true,,23374117,0,1,1,null,1327,0,0
1617559471816,1425,VM Runnning ,200,OK,JDBC USERS 1-1,text,true,,23374117,0,1,1,null,1315,0,0
1617559473242,1425,VM Runnning ,200,OK,JDBC USERS 1-1,text,true,,23374117,0,1,1,null,1326,0,0
1617559474667,1416,VM Runnning ,200,OK,JDBC USERS 1-1,text,true,,23374117,0,1,1,null,1307,0,1
1617559476074,1424,VM Runnning ,200,OK,JDBC USERS 1-1,text,true,,23374117,0,1,1,null,1324,0,0
1617559477498,1429,VM Runnning ,200,OK,JDBC USERS 1-1,text,true,,23374117,0,1,1,null,1320,0,0
1617559478927,1419,VM Runnning ,200,OK,JDBC USERS 1-1,text,true,,23374117,0,1,1,null,1319,0,0
1617559480347,1424,VM Runnning ,200,OK,JDBC USERS 1-1,text,true,,23374117,0,1,1,null,1313,0,0
1617559481781,1428,VM Runnning ,200,OK,JDBC USERS 1-1,text,true,,23374117,0,1,1,null,1324,0,0
1617559483209,1423,VM Runnning ,200,OK,JDBC USERS 1-1,text,true,,23374117,0,1,1,null,1312,0,0
1617559484632,1421,VM Runnning ,200,OK,JDBC USERS 1-1,text,true,,23374117,0,1,1,null,1321,0,0
1617559486053,1417,VM Runnning ,200,OK,JDBC USERS 1-1,text,true,,23374117,0,1,1,null,1305,0,0
1617559487470,1434,VM Runnning ,200,OK,JDBC USERS 1-1,text,true,,23374117,0,1,1,null,1334,0,0
1617559488904,1420,VM Runnning ,200,OK,JDBC USERS 1-1,text,true,,23374117,0,1,1,null,1310,0,0
1617559490324,1418,VM Runnning ,200,OK,JDBC USERS 1-1,text,true,,23374117,0,1,1,null,1319,0,0
1617559491742,1417,VM Runnning ,200,OK,JDBC USERS 1-1,text,true,,23374117,0,1,1,null,1307,0,0
1617559493159,1419,VM Runnning ,200,OK,JDBC USERS 1-1,text,true,,23374117,0,1,1,null,1319,0,0
1617559494579,1417,VM Runnning ,200,OK,JDBC USERS 1-1,text,true,,23374117,0,1,1,null,1305,0,0
1617559495996,1420,VM Runnning ,200,OK,JDBC USERS 1-1,text,true,,23374117,0,1,1,null,1319,0,0
1617559497418,1415,VM Runnning ,200,OK,JDBC USERS 1-1,text,true,,23374117,0,1,1,null,1305,0,0
1617559498833,1417,VM Runnning ,200,OK,JDBC USERS 1-1,text,true,,23374117,0,1,1,null,1316,0,0
1617559500250,1418,VM Runnning ,200,OK,JDBC USERS 1-1,text,true,,23374117,0,1,1,null,1306,0,0
1617559501668,1417,VM Runnning ,200,OK,JDBC USERS 1-1,text,true,,23374117,0,1,1,null,1317,0,0
1617559503085,1427,VM Runnning ,200,OK,JDBC USERS 1-1,text,true,,23374117,0,1,1,null,1315,0,0
1617559504512,1427,VM Runnning ,200,OK,JDBC USERS 1-1,text,true,,23374117,0,1,1,null,1325,0,0
1617559505939,1433,VM Runnning ,200,OK,JDBC USERS 1-1,text,true,,23374117,0,1,1,null,1325,0,0
